href
https://gjirafa50.com/pjese-per-kompjutere/procesore/per-kompjutere-klasik/procesor-intel-core-i7-5820k/
https://gjirafa50.com/pjese-per-kompjutere/procesore/per-kompjutere-klasik/procesor-intel-core-i3-9100/
https://gjirafa50.com/pjese-per-kompjutere/ftohes/ftofese-noctua-nh-l9i-per-procesor-92-mm/
https://gjirafa50.com/pjese-per-kompjutere/procesore/per-kompjutere-klasik/procesor-intel-core-i59600kf/
https://gjirafa50.com/pjese-per-kompjutere/procesore/per-kompjutere-klasik/procesor-amd-ryzen-7-5800x/
https://gjirafa50.com/cka-ka-tre/procesor-amd-ryzen-5-3600/
"https://gjirafa50.com/pjese-per-kompjutere/procesore/procesor-intel-core-i5-10400,-gjenerata-e-10-të/"
https://gjirafa50.com/pjese-per-kompjutere/case/aksesore-10/ftohes/ftohese-noctua-nh-u12s-per-procesor-120-mm/
https://gjirafa50.com/pjese-per-kompjutere/procesore/per-kompjutere-klasik/procesor-intel-core-i5-10600k/
https://gjirafa50.com/cka-ka-tre/procesor-intel-core-i9-10850k-marvels-avengers-collectors-edition/
https://gjirafa50.com/pjese-per-kompjutere/procesore/aksesore-16/ftohes-1/ftohës-arctic-a13-x/
https://gjirafa50.com/pjese-per-kompjutere/ftohes/ftofese-noctua-nh-d15-per-procesore-2x140-mm/
https://gjirafa50.com/cka-ka-tre/procesor-intel-core-i5-10400f/
https://gjirafa50.com/cka-ka-tre/procesor-intel-core-i5-8400/
https://gjirafa50.com/pjese-per-kompjutere/procesore/per-kompjutere-klasik/procesor-intel-core-i9-10900kf/
https://gjirafa50.com/pjese-per-kompjutere/procesor-intel-core-i59600k/
https://gjirafa50.com/promovime/lehtesoja-vetes-vitin/procesor-intel-core-i99900k-2666-mhz-ddr4-14-nm-lga-1151/
https://gjirafa50.com/pjese-per-kompjutere/procesore/per-kompjutere-klasik/procesor-intel-core-i59400/
https://gjirafa50.com/cka-ka-tre/ftohes-me-uje-coolermaster-masterliquid-lite-120mm/
https://gjirafa50.com/cka-ka-tre/procesor-intel-core-i99900kf/
https://gjirafa50.com/pjese-per-kompjutere/procesore/aksesore-16/ftohes-1/ftohës-corsair-icue-h150i-elite-capelli-i-bardhë/
https://gjirafa50.com/pjese-per-kompjutere/procesore/aksesore-16/ftohes-1/ftohës-fractal-celsius-design-s24-dynamic/
https://gjirafa50.com/pjese-per-kompjutere/procesore/aksesore-16/ftohes-1/ventilator-noctua-nh-u14s-tr4-sp3-140mm/
https://gjirafa50.com/pjese-per-kompjutere/case/aksesore-10/ftohes/ftohes-per-cpu-be-quiet-shadow-rock-lp-120-mm/
https://gjirafa50.com/pjese-per-kompjutere/procesore/aksesore-16/ftohes-1/ftohës-thermaltake-th240-argb-sync/
https://gjirafa50.com/pjese-per-kompjutere/procesore/aksesore-16/ftohes-1/ftohës-enermax-aquafusion-240mm/
https://gjirafa50.com/pjese-per-kompjutere/case/aksesore-10/ftohes/ftohes-thermaltake-floe-riig-rgb-240mm-tt-premium-edition/
https://gjirafa50.com/pjese-per-kompjutere/case/aksesore-10/ftohes/ftohes-be-quiet-pure-rock-slim-92-mm/
https://gjirafa50.com/pjese-per-kompjutere/procesore/aksesore-16/ftohes-1/ftohës-be-quiet!-pure-rock-2/
https://gjirafa50.com/pjese-per-kompjutere/procesore/per-kompjutere-klasik/procesor-intel-core-i79700kf/
https://gjirafa50.com/pjese-per-kompjutere/procesore/aksesore-16/paste/material-ftohes-per-cpu-arctic-tp-heatsink-145-x-145-x-0.5-mm/
https://gjirafa50.com/pjese-per-kompjutere/case/aksesore-10/ftohes/ftohes-per-amd-karte-noctua-nh-d15-se-am4-140-mm/
https://gjirafa50.com/pjese-per-kompjutere/procesore/aksesore-16/ftohes-1/ftohës-arctic-freezer-7-x-co/
https://gjirafa50.com/pjese-per-kompjutere/case/aksesore-10/ftohes/ftohes-per-procesor-silentiumpc-fortis-3-he1425-v2-140-mm/
https://gjirafa50.com/pjese-per-kompjutere/procesore/aksesore-16/paste/material-ftohes-arctic-tp-heatsink-145-x-145-x-1-5-mm/
https://gjirafa50.com/pjese-per-kompjutere/procesore/aksesore-16/ftohes-1/ftohes-coolermaster-x-dream-i117-per-procesor-95-mm/
https://gjirafa50.com/pjese-per-kompjutere/procesore/aksesore-16/paste/xhel-ftohes-per-cpu-coolermaster-ic-essential-e2-3.4-gram-ngjyre-ari/
https://gjirafa50.com/pjese-per-kompjutere/procesore/per-kompjutere-klasik/procesor-amd-ryzen-9-3900x/
https://gjirafa50.com/pjese-per-kompjutere/procesore/per-kompjutere-klasik/procesor-amd-ryzen-7-3700x/
https://gjirafa50.com/pjese-per-kompjutere/procesore/per-kompjutere-klasik/procesor-intel-core-i7-10700f/
https://gjirafa50.com/cka-ka-tre/procesor-intel-core-i7-10700k-marvels-avengers-collectors-edition/
https://gjirafa50.com/pjese-per-kompjutere/procesor-intel-core-i5-8600k-6-berthamesh-intel-uhd-graphics-630/
https://gjirafa50.com/pjese-per-kompjutere/ftohes/ftofes-noctua-nh-d15s-per-procesor-140-mm/
https://gjirafa50.com/pjese-per-kompjutere/procesore/aksesore-16/paste/paste-ftohese-gelid-solution-gc03-extreme-10g/
https://gjirafa50.com/pjese-per-kompjutere/procesore/aksesore-16/ftohes-1/ftohës-i-procesorit-thermaltake-ux200-argb-lighting-130w/
https://gjirafa50.com/pjese-per-kompjutere/procesore/aksesore-16/paste/gjel-ftohes-gelida-gc-extreme-3.5-gram/
"https://gjirafa50.com/pjese-per-kompjutere/procesore/aksesore-16/ftohes-1/ftohës-cooler-master-masterliquid-ml120l-v2-rgb,-120mm/"
https://gjirafa50.com/pjese-per-kompjutere/procesore/aksesore-16/ftohes-1/ftohes-akasa-ak-cc7122ep01-75-mm/
https://gjirafa50.com/produkte-te-rekomanduara/ftohes-per-procesor-silentiumpc-fera-he1224-3-120-mm/
https://gjirafa50.com/pjese-per-kompjutere/case/aksesore-10/ftohes/ftofese-noctua-nh-u9s-per-procesor-92-mm/
https://gjirafa50.com/pjese-per-kompjutere/procesore/per-kompjutere-klasik/procesor-intel-pentium-gold-g6500/
https://gjirafa50.com/pjese-per-kompjutere/procesore/disk-i-brendshem-patriot-burst-120gb-i-zi/
https://gjirafa50.com/cka-ka-tre/procesor-intel-core-i79700k/
https://gjirafa50.com/pjese-per-kompjutere/procesore/aksesore-16/ftohes-1/ftohës-zalman-cnps80g/
https://gjirafa50.com/pjese-per-kompjutere/procesore/per-kompjutere-klasik/procesor-intel-core-i9-10850k/
https://gjirafa50.com/pjese-per-kompjutere/procesore/aksesore-16/ftohes-1/ftohës-silentiumpc-fera-3-evo-argb/
https://gjirafa50.com/cka-ka-tre/procesor-intel-core-i3-10100/
https://gjirafa50.com/pjese-per-kompjutere/case/aksesore-10/ftohes/ftohese-noctua-nh-d9dx-i4-3u-per-procesore-92-mm/
https://gjirafa50.com/produkte-te-rekomanduara/ftohese-noctua-nh-d14-per-procesore-140-mm/
https://gjirafa50.com/pjese-per-kompjutere/case/aksesore-10/ftohes/ftohese-per-procesore-scythe-scmgd-1000-mugen-max-140-mm/
https://gjirafa50.com/pjese-per-kompjutere/procesore/aksesore-16/ftohes-1/ftohës-thermaltake-floe-dx-rgb-240-tt-premium-edition/
https://gjirafa50.com/produkte-te-rekomanduara/ftohes-noctua-nh-c14s-per-procesor-140-mm/
https://gjirafa50.com/pjese-per-kompjutere/ftohes/ftohese-per-procesore-scythe-scttm-1000a-tatsumi-92-mm/
"https://gjirafa50.com/pjese-per-kompjutere/procesore/aksesore-16/ftohes-1/ftohës-arctic-34-esports-duo,-i-hirtëbardhë/"
https://gjirafa50.com/pjese-per-kompjutere/procesore/per-kompjutere-klasik/procesor-amd-ryzen-7-3800x/
https://gjirafa50.com/pjese-per-kompjutere/case/aksesore-10/ftohes/ftohese-noctua-nh-u14s-per-procesore-140-mm/
https://gjirafa50.com/pjese-per-kompjutere/procesore/per-kompjutere-klasik/procesor-amd-ryzen-9-3950x/
https://gjirafa50.com/pjese-per-kompjutere/procesore/aksesore-16/ftohes-1/ftohës-noctua-nh-u9s-chromax-i-zi/
https://gjirafa50.com/pjese-per-kompjutere/procesore/aksesore-16/ftohes-1/ftohës-noctua-nh-d15s-chromax-i-zi/
https://gjirafa50.com/pjese-per-kompjutere/procesore/aksesore-16/ftohes-1/ftohës-enermax-aquafusion-120mm/
https://gjirafa50.com/pjese-per-kompjutere/xhel-ftohes-per-cpu-coolermaster-htk-002/
https://gjirafa50.com/pjese-per-kompjutere/procesore/aksesore-16/paste/material-ftohes-per-cpu-arctic-tp-50-x-50-x-1-5-mm-i-kalter/
https://gjirafa50.com/pjese-per-kompjutere/procesore/per-kompjutere-klasik/procesor-intel-core-i59400f/
https://gjirafa50.com/pjese-per-kompjutere/procesore/per-kompjutere-klasik/procesor-intel-pentium-gold-g6600/
https://gjirafa50.com/pjese-per-kompjutere/procesore/per-kompjutere-klasik/procesor-intel-core-i5-10600kf/
https://gjirafa50.com/pjese-per-kompjutere/case/aksesore-10/ftohes/ftohese-arctic-alpine-64-gt-per-procesore-80-mm/
https://gjirafa50.com/pjese-per-kompjutere/procesore/aksesore-16/ftohes-1/ftohës-silentiumpc-fortis-3-evo-argb-he1425/
https://gjirafa50.com/cka-ka-tre/ftohes-scythe-scmg-5100bk-mugen-5-black-rgb/
https://gjirafa50.com/cka-ka-tre/ftohes-scythe-mugen-5-tuf-gaming-alliance/
https://gjirafa50.com/pjese-per-kompjutere/procesore/per-kompjutere-klasik/procesor-intel-pentium-g5620/
https://gjirafa50.com/pjese-per-kompjutere/case/aksesore-10/ftohes/sistem-ftofes-per-procesor-cpu-noctua-nh-l9x65-se-am4-92-mm/
https://gjirafa50.com/pjese-per-kompjutere/procesore/aksesore-16/ftohes-1/ftohës-be-quiet!-pure-loop-120mm/
https://gjirafa50.com/pjese-per-kompjutere/ftohes/ftohes-me-uje/ftohes-corsair-h45-per-procesor-120-mm/
"https://gjirafa50.com/pjese-per-kompjutere/procesore/aksesore-16/ftohes-1/ftohës-arctic-34-esports,-i-hirtëbardhë/"
https://gjirafa50.com/pjese-per-kompjutere/procesore/per-kompjutere-klasik/procesor-intel-core-i9-10900f/
https://gjirafa50.com/pjese-per-kompjutere/procesore/per-kompjutere-klasik/procesor-intel-core-i7-10700kf/
https://gjirafa50.com/pjese-per-kompjutere/procesore/aksesore-16/ftohes-1/ftohës-corsair-icue-h60i-rgb-pro-xt/
https://gjirafa50.com/pjese-per-kompjutere/procesore/per-kompjutere-klasik/procesor-intel-core-i9-10900k/
https://gjirafa50.com/pjese-per-kompjutere/procesore/aksesore-16/paste/xhel-ftohes-per-cpu-silentiumpc-pactum-pt-2-4-g/
https://gjirafa50.com/pjese-per-kompjutere/ftohes/ftohes-me-uje/fractal-design-celsius-s24-fd-wcu-celsius-s24-bk/
https://gjirafa50.com/pjese-per-kompjutere/procesore/aksesore-16/paste/xhel-ftohes-per-cpu-silentiumpc-pactum-pt-1-4-g/
https://gjirafa50.com/pjese-per-kompjutere/procesore/aksesore-16/ftohes-1/ftohës-silentiumpc-navis-evo-argb-360-aio/
https://gjirafa50.com/pjese-per-kompjutere/procesore/per-kompjutere-klasik/procesor-amd-ryzen-5-5600x-0/
https://gjirafa50.com/pjese-per-kompjutere/procesore/per-kompjutere-klasik/procesor-intel-core-i9-10900/
"https://gjirafa50.com/pjese-per-kompjutere/procesore/per-kompjutere-klasik/procesor-amd-ryzen-5-1600-me-ftohës-wraith-stealth,-12nm/"
https://gjirafa50.com/pjese-per-kompjutere/procesore/per-kompjutere-klasik/procesor-intel-core-i7-10700k/
https://gjirafa50.com/cka-ka-tre/procesor-intel-core-i7-10700/
https://gjirafa50.com/cka-ka-tre/ftohes-akasa-x4-ak-968-92mm-ventilator/
https://gjirafa50.com/pjese-per-kompjutere/procesore/per-servere-1/procesor-intel-xeon-silver-4114/
https://gjirafa50.com/pjese-per-kompjutere/procesore/aksesore-16/ftohes-1/ftohes-per-cpu-be-quiet-shadow-rock-slim/
https://gjirafa50.com/pjese-per-kompjutere/procesore/per-kompjutere-klasik/procesor-intel-core-i5-10600/
https://gjirafa50.com/pjese-per-kompjutere/procesore/aksesore-16/paste/material-ftohes-per-cpu-arctic-tp-50-x-50-x-1-mm/
https://gjirafa50.com/pjese-per-kompjutere/ftohes/procesore/ftohes-per-cpu-coolermaster-hyper-tx3-evo-120-mm/
https://gjirafa50.com/cka-ka-tre/intel-core-i7-9700/
https://gjirafa50.com/pjese-per-kompjutere/case/aksesore-10/ftohes/ftofese-noctua-nh-l9x65-per-procesore-92-mm/
https://gjirafa50.com/pjese-per-kompjutere/procesore/aksesore-16/paste/xhel-ftohes-per-cpu-coolermaster-ic-essential-e1-4.6-gram/
https://gjirafa50.com/pjese-per-kompjutere/procesore/per-kompjutere-klasik/procesor-intel-core-i5-9500f/
https://gjirafa50.com/pjese-per-kompjutere/procesore/per-kompjutere-klasik/procesor-intel-pentium-g6400/
https://gjirafa50.com/pjese-per-kompjutere/procesore/per-kompjutere-klasik/procesor-intel-core-i5-10500/
https://gjirafa50.com/cka-ka-tre/procesor-intel-core-i5-10600k-marvels-avengers-collectors-edition/
https://gjirafa50.com/pjese-per-kompjutere/procesore/per-kompjutere-klasik/procesor-intel-core-i9-9900/
https://gjirafa50.com/pjese-per-kompjutere/procesore/per-kompjutere-klasik/procesor-intel-pentium-gold-g6405/
https://gjirafa50.com/pjese-per-kompjutere/procesore/per-servere-1/procesor-intel-xeon-gold-5122/
https://gjirafa50.com/pjese-per-kompjutere/procesore/per-servere-1/procesor-intel-xeon-silver-4210/
https://gjirafa50.com/pjese-per-kompjutere/procesore/per-kompjutere-klasik/procesor-intel-xeon-silver-4208/
https://gjirafa50.com/pjese-per-kompjutere/procesore/per-servere-1/procesor-intel-xeon-silver-4216/
https://gjirafa50.com/pjese-per-kompjutere/case/aksesore-10/ftohes/ftohes-per-cpu-coolermaster-hyper-t4-120-mm/
https://gjirafa50.com/pjese-per-kompjutere/procesore/per-kompjutere-klasik/procesor-amd-ryzen-threadripper-3960x/
https://gjirafa50.com/pjese-per-kompjutere/procesore/per-kompjutere-klasik/procesor-intel-core-i3-9350kf/
https://gjirafa50.com/pjese-per-kompjutere/procesore/per-kompjutere-klasik/procesor-intel-core-i5-9500/
https://gjirafa50.com/pjese-per-kompjutere/procesore/per-kompjutere-klasik/procesor-intel-core-i9-10980xe/
https://gjirafa50.com/pjese-per-kompjutere/procesore/per-kompjutere-klasik/procesor-intel-core-i9-10900x/
https://gjirafa50.com/pjese-per-kompjutere/procesore/per-kompjutere-klasik/procesor-intel-pentium-gold-g6605/
https://gjirafa50.com/pjese-per-kompjutere/procesore/per-kompjutere-klasik/procesor-amd-ryzen-7-2700-wraith-max/
https://gjirafa50.com/pjese-per-kompjutere/procesore/per-kompjutere-klasik/procesor-amd-ryzen-7-3800xt/
"https://gjirafa50.com/pjese-per-kompjutere/procesore/aksesore-16/ftohes-1/ftohës-be-quiet!-pure-rock-2,-i-zi/"
https://gjirafa50.com/pjese-per-kompjutere/procesore/per-servere-1/procesor-intel-xeon-e5-2680v2/
https://gjirafa50.com/pjese-per-kompjutere/procesore/per-servere-1/procesor-intel-xeon-cpu-e5-2609v2/
https://gjirafa50.com/pjese-per-kompjutere/procesore/per-servere-1/xeon-intel-e52660v3/
https://gjirafa50.com/pjese-per-kompjutere/procesore/per-servere-1/procesor-cpu-intel-xeon-e5-1650v4-3.6ghz-me-gjashte-berthama/
